- adx_changeddate: 2022-04-29T18:43:02.0000000Z
  adx_name: ~/new-page
  adx_urlhistoryid: 6df4423e-f36b-1410-886e-005843b067b1
  adx_webpageid: 1aa531ee-957e-4455-a7e4-dddae83de0b7
  timezoneruleversionnumber: 0
- adx_changeddate: 2022-04-29T18:48:49.0000000Z
  adx_name: ~/Forth-Section/new-page
  adx_urlhistoryid: 6ef4423e-f36b-1410-886e-005843b067b1
  adx_webpageid: edbdb830-54e2-4bd9-8344-746b057cf12b
  timezoneruleversionnumber: 0
- adx_changeddate: 2022-04-29T18:43:02.0000000Z
  adx_name: ~/new-page
  adx_urlhistoryid: 7cdf423e-f36b-1410-87bc-006664245548
  adx_webpageid: bc2dba14-ecc7-ec11-a7b5-000d3a0a0c9c
  timezoneruleversionnumber: 0
- adx_changeddate: 2022-04-29T18:48:45.0000000Z
  adx_name: ~/Forth-Section/new-page
  adx_urlhistoryid: 7ddf423e-f36b-1410-87bc-006664245548
  adx_webpageid: bdd71cec-ecc7-ec11-a7b5-000d3a0a09f1
  timezoneruleversionnumber: 0
